verticesCount:	8

// float4 position							 float4 normal								 float4	color					float2 texCoord0	float2 texCoord1
vertices:                                                                                
-4.5052 0.0000 5.0760 1.0;			-0.5774 	-0.5774 	0.5774 		1.0;	 0.5		0.0		0.5		1.0;	0.0		0.0;		0.0		0.0
-4.5052 0.0000 2.3760 1.0;			-0.5774 	-0.5774 	-0.577 		1.0;	 0.5		0.0		0.5		1.0;	1.0		1.0;		0.0		0.0
7.4948 0.0000 2.3760 1.0;			 0.5774 	-0.5774 	-0.5774 	1.0;	 0.5		0.0		0.5		1.0;	0.0		1.0;		0.0		0.0
7.4948 0.0000 5.0760 1.0;			 0.5774 	-0.5774 	0.5774 		1.0; 	 0.5		0.0		0.5		1.0;	1.0		0.0;		0.0		0.0
-4.5052 16.0000 5.0760 1.0;			-0.5774 	0.5774 		0.5774 		1.0;	 0.5		0.0		0.5		1.0;	0.0		0.0;		0.0		0.0
7.4948 16.0000 5.0760 1.0;			 0.5774 	0.5774 		0.5774 		1.0;	 0.5		0.0		0.5		1.0;	1.0		1.0;		0.0		0.0
7.4948 16.0000 2.3760 1.0;			 0.5774 	0.5774 		-0.5774 	1.0;	 0.5		0.0		0.5		1.0;	0.0		1.0;		0.0		0.0
-4.5052 16.0000 2.3760 1.0;			-0.5774 	0.5774 		-0.5774 	1.0; 	 0.5		0.0		0.5		1.0;	1.0		0.0;		0.0		0.0

trianglesCount:	12

indices:
1 0 2
3 2 0
5 4 6
7 6 4
3 0 5
4 5 0
2 3 6
5 6 3
1 2 7
6 7 2
0 1 4
7 4 1

material:	Cube