// float4 position				 float4 normal					float4	color					float2 texCoord0	float2 texCoord1
vertices:
-4.5052 0.0000 5.0760			-0.5774 -0.5774 0.5774			0.5		0.0		0.5		1.0;	0.0		0.0;		0.0		0.0
-4.5052 0.0000 2.3760			-0.5774 -0.5774 -0.577			0.5		0.0		0.5		1.0;	1.0		1.0;		0.0		0.0
7.4948 0.0000 2.3760			 0.5774 -0.5774 -0.5774			0.5		0.0		0.5		1.0;	0.0		1.0;		0.0		0.0
7.4948 0.0000 5.0760			 0.5774 -0.5774 0.5774			0.5		0.0		0.5		1.0;	1.0		0.0;		0.0		0.0
-4.5052 16.0000 5.0760			-0.5774 0.5774 0.5774			0.5		0.0		0.5		1.0;	0.0		0.0;		0.0		0.0
7.4948 16.0000 5.0760			 0.5774 0.5774 0.5774			0.5		0.0		0.5		1.0;	1.0		1.0;		0.0		0.0
7.4948 16.0000 2.3760			 0.5774 0.5774 -0.5774			0.5		0.0		0.5		1.0;	0.0		1.0;		0.0		0.0
-4.5052 16.0000 2.3760			-0.5774 0.5774 -0.5774			0.5		0.0		0.5		1.0;	1.0		0.0;		0.0		0.0

indices:
0		1		2		3
4		5		6		7






// float4 position				float4 normal					float4	color					float2 texCoord0	float2 texCoord1
vertices:
-10.0	0.0		10.0	1.0;	0.0		1.0		0.0		1.0;	0.5		0.0		0.5		1.0;	0.0		0.0;		0.0		0.0
-10.0	0.0		-10.0	1.0;	0.0		1.0		0.0		1.0;	0.5		0.0		0.5		1.0;	1.0		1.0;		0.0		0.0
10.0	0.0		-10.0	1.0;	0.0		1.0		0.0		1.0;	0.5		0.0		0.5		1.0;	0.0		1.0;		0.0		0.0
10.0	0.0		10.0	1.0;	0.0		1.0		0.0		1.0;	0.5		0.0		0.5		1.0;	1.0		0.0;		0.0		0.0

